4294967278,126
4294967278,125
4294967278,124
4294967278,123
4294967279,27
4294967278,132
4294967278,131
4294967278,130
4294967278,129
4294967278,128
4294967278,127
4294967279,60
4294967279,58
4294967279,57
4294967279,56
4294967279,54
4294967279,49
4294967279,48
4294967279,47
4294967279,46
4294967279,45
4294967279,41
4294967279,40
4294967279,37
4294967279,32
37,99
37,98
37,97
37,96
37,95
37,94
37,93
4294967278,351
37,44
37,36
37,92
37,91
37,90
37,89
37,88
37,87
37,86
37,85
4294967279,187
37,84
37,83
37,82
37,81
37,80
37,79
37,78
37,77
37,76
37,75
37,43
37,18
37,74
4294967279,186
37,73
37,72
37,71
37,70
37,69
37,42
37,68
37,67
37,66
37,65
37,0
37,64
37,41
37,40
37,39
4294967279,419
4294967279,174
37,38
37,37
37,25
37,35
37,34
37,33
37,32
37,31
37,30
37,29
37,28
37,27
37,26
37,19
37,24
4294967279,183
37,23
37,22
4294967278,350
4294967278,174
37,21
37,20
37,17
37,5
37,16
37,15
37,14
37,13
37,12
37,11
37,10
37,9
37,8
37,7
4294967279,136
37,1
37,6
4294967279,384
4294967278,179
4294967279,133
4294967278,178
4294967279,179
4294967278,177
4294967279,316
34,2
4294967279,176
4294967278,173
4294967279,418
4294967278,172
4294967279,173
4294967278,349
4294967279,172
4294967279,169
4294967278,167
4294967279,417
4294967278,166
4294967279,167
4294967278,348
37,2
4294967279,166
4294967278,12
4294967278,11
4294967278,10
4294967278,9
4294967278,8
4294967278,7
4294967278,5
4294967279,132
4294967279,131
4294967279,129
4294967279,128
4294967279,126
4294967279,125
4294967279,124
4294967279,123
4294967279,122
4294967279,120
4294967279,118
4294967279,117
4294967279,115
4294967279,114
4294967279,112
4294967279,109
4294967279,108
4294967279,106
4294967279,105
4294967279,104
4294967279,101
4294967279,99
4294967279,98
4294967279,97
4294967279,96
4294967279,95
4294967279,94
4294967279,93
4294967279,416
4294967279,415
4294967294,439
4294967279,414
4294967279,413
4294967278,347
4294967278,346
4294967278,345
4294967294,1424
4294967294,388
4294967278,157
4294967278,344
4294967279,309
4294967278,154
42,6
4294967279,154
42,5
42,4
42,3
42,2
42,1
4294967278,152
4294967279,412
4294967278,343
4294967278,148
4294967278,342
4294967278,260
4294967278,0
4294967278,147
4294967294,1425
4294967278,146
4294967279,395
4294967278,145
4294967294,1087
4294967294,1068
4294967278,143
4294967294,94
4294967294,96
4294967278,140
41,6
4294967278,142
41,5
41,4
4294967278,141
41,2
41,1
4294967294,8
0,7
37,3
4294967294,477
4294967294,186
4294967294,1080
4294967294,1166
4294967278,139
4294967294,1160
4294967294,392
4294967294,429
4294967294,114
4294967294,2
4294967294,9
4294967294,0
4294967294,393
4294967279,276
4294967294,92
4294967294,91
4294967294,90
4294967294,88
4294967294,87
4294967294,86
4294967294,85
4294967294,84
4294967294,415
4294967294,413
4294967294,1245
4294967294,29
4294967294,28
4294967294,1086
4294967294,27
4294967294,53
4294967294,45
4294967294,1423
4294967294,44
4294967294,38
4294967294,37
39,0
4294967294,93
4294967294,95
4294967279,86
4294967279,85
4294967279,84
4294967279,83
4294967279,76
4294967279,74
4294967279,73
4294967279,71
4294967279,67
4294967279,65
4294967279,62
4294967279,59
4294967279,55
4294967279,53
4294967279,51
4294967279,50
4294967279,44
4294967279,42
4294967279,38
4294967279,36
4294967279,34
4294967279,31
4294967279,29
4294967279,28
4294967279,26
4294967279,24
4294967279,22
4294967279,21
4294967279,19
4294967279,18
4294967279,15
4294967279,14
4294967279,13
4294967279,12
4294967279,10
4294967294,1420
4294967294,50
4294967294,1
4294967294,46
4294967294,115
4294967294,386
4294967294,387
4294967294,165
4294967294,113
4294967294,167
4294967294,177
4294967294,81
4294967294,166
4294967294,24
4294967294,170
4294967294,180
4294967294,175
4294967294,183
4294967294,176
4294967294,127
4294967294,18
4294967294,12
4294967294,13
4294967294,104
4294967294,106
4294967294,160
4294967294,119
4294967294,168
