4294967279,59
4294967293,131
4294967293,130
4294967293,129
4294967293,128
4294967293,127
4294967293,126
4294967293,125
4294967293,124
4294967293,123
4294967293,122
4294967293,121
4294967293,120
4294967293,119
4294967293,118
4294967293,117
4294967293,116
4294967293,115
4294967293,114
4294967293,113
4294967293,112
4294967293,111
4294967293,110
4294967293,109
4294967293,108
4294967293,107
4294967293,106
4294967293,105
4294967293,104
4294967293,103
4294967293,102
4294967293,101
4294967293,100
4294967293,99
4294967293,98
4294967293,97
4294967293,96
4294967293,95
4294967293,94
4294967293,93
4294967293,92
4294967293,91
4294967293,90
4294967293,89
4294967293,87
4294967293,86
4294967293,85
4294967293,84
4294967293,83
4294967293,82
4294967293,81
4294967293,80
4294967293,79
4294967293,78
4294967293,77
4294967293,76
4294967293,75
4294967293,74
4294967293,73
4294967293,72
4294967293,71
4294967293,70
4294967293,69
4294967293,68
4294967293,67
4294967293,66
4294967293,65
4294967293,64
4294967293,63
4294967293,62
4294967293,61
4294967293,60
4294967293,59
4294967293,58
4294967293,57
4294967293,56
4294967293,55
4294967293,54
4294967293,53
4294967293,52
4294967293,51
4294967293,50
4294967293,49
4294967293,48
4294967293,47
4294967293,46
4294967293,45
4294967293,44
4294967293,43
4294967293,42
4294967293,41
4294967293,40
4294967293,39
4294967293,38
4294967293,37
4294967293,36
4294967293,35
4294967293,34
4294967293,33
4294967293,32
4294967293,31
4294967293,30
4294967293,29
4294967293,28
4294967293,27
4294967293,26
4294967293,25
4294967293,24
4294967293,23
4294967293,22
4294967293,21
4294967293,20
4294967293,19
4294967293,18
4294967293,17
4294967293,16
4294967293,15
4294967293,14
4294967293,13
4294967293,12
4294967293,11
4294967293,10
4294967293,9
4294967293,8
4294967293,7
4294967293,6
4294967293,5
4294967293,4
4294967293,3
4294967278,255
4294967278,123
4294967278,122
4294967278,251
4294967278,121
4294967278,243
4294967278,117
4294967278,239
4294967278,115
4294967278,114
4294967278,408
4294967278,399
4294967278,107
4294967278,398
4294967278,411
4294967278,100
4294967278,96
4294967278,95
4294967278,94
4294967278,93
4294967278,92
4294967278,91
4294967278,90
4294967278,410
4294967278,87
4294967278,86
4294967278,84
4294967278,83
4294967278,82
4294967278,81
4294967278,74
4294967278,73
4294967278,72
4294967278,71
4294967278,70
4294967278,69
4294967278,66
4294967278,65
4294967278,64
4294967278,63
4294967278,62
4294967278,321
4294967278,60
4294967278,320
4294967278,59
4294967278,319
4294967278,58
4294967278,56
4294967278,55
4294967278,54
4294967278,53
4294967278,0
4294967278,260
4294967278,312
4294967278,51
4294967278,311
4294967278,50
4294967278,310
4294967278,49
4294967278,309
4294967278,48
4294967278,47
4294967278,46
4294967278,45
4294967278,44
4294967278,43
4294967278,303
4294967278,42
4294967278,41
4294967278,301
4294967278,40
4294967278,39
4294967278,38
4294967278,37
4294967278,36
4294967278,403
4294967278,35
4294967278,295
4294967278,34
4294967278,33
4294967278,32
4294967278,31
4294967278,30
4294967278,290
4294967278,29
4294967278,382
4294967278,28
4294967278,27
4294967278,26
4294967278,25
4294967278,24
4294967278,23
4294967278,22
4294967278,274
4294967278,21
4294967278,284
4294967278,20
4294967278,273
4294967278,19
4294967278,18
4294967278,279
4294967278,10
4294967278,402
4294967278,401
4294967278,409
4294967278,400
4294967279,480
4294967279,124
4294967279,251
4294967279,122
4294967279,121
4294967279,120
4294967279,115
4294967279,239
4294967279,114
4294967279,113
4294967279,235
4294967279,112
4294967279,229
4294967279,109
4294967279,217
4294967279,103
4294967279,215
4294967279,102
4294967279,101
4294967279,100
4294967279,99
4294967279,96
4294967279,95
4294967279,94
4294967279,93
4294967279,479
4294967279,468
4294967279,82
4294967279,80
4294967279,78
4294967279,74
4294967279,73
4294967279,72
4294967279,71
4294967279,70
4294967279,67
4294967279,66
4294967279,65
4294967279,64
4294967279,63
4294967279,473
4294967279,472
4294967279,60
4294967279,58
4294967279,57
4294967279,56
4294967279,55
4294967279,54
4294967279,52
4294967279,51
4294967279,50
4294967279,49
4294967279,48
4294967279,47
4294967279,46
4294967279,157
4294967279,45
4294967279,44
4294967279,43
4294967279,42
4294967279,41
4294967279,40
4294967279,39
4294967279,38
4294967279,37
4294967279,471
4294967279,36
4294967279,35
4294967279,34
4294967279,33
4294967279,32
4294967279,31
4294967279,30
4294967279,29
4294967279,28
4294967279,27
4294967279,26
4294967279,278
4294967279,25
4294967279,134
4294967279,22
4294967279,21
4294967279,20
4294967279,19
4294967279,481
4294967279,10
4294967279,476
4294967279,88
4294967279,467
4294967279,474
4294967294,1182
4294967294,1803
4294967294,1451
4294967294,1216
4294967294,1434
4294967294,1798
4294967294,1802
4294967294,1800
4294967294,1256
4294967294,1764
4294967294,1869
4294967294,760
4294967294,84
1,3
1,0
4294967294,1000
4294967294,999
4294967294,998
4294967294,997
4294967294,996
4294967294,995
4294967294,994
4294967294,735
4294967294,991
4294967294,989
4294967294,988
4294967294,987
4294967294,986
4294967294,984
4294967294,983
4294967294,982
4294967294,981
4294967294,980
4294967294,979
4294967294,976
4294967294,972
4294967294,970
4294967294,967
4294967294,965
4294967294,963
4294967294,961
4294967294,958
4294967294,957
4294967294,956
4294967294,955
4294967294,731
4294967294,953
4294967294,951
4294967294,950
4294967294,949
4294967294,948
4294967294,947
4294967294,942
4294967294,941
4294967294,939
4294967294,938
4294967294,936
4294967294,934
4294967294,1865
4294967294,930
4294967294,928
4294967294,927
4294967294,926
4294967294,925
4294967294,924
4294967294,922
4294967294,921
4294967294,917
4294967294,319
4294967294,915
4294967294,728
4294967294,913
4294967294,909
4294967294,907
4294967294,905
4294967294,901
4294967294,900
4294967294,899
4294967294,897
4294967294,896
4294967294,895
4294967294,894
4294967294,892
4294967294,891
4294967294,887
4294967294,886
4294967294,885
4294967294,883
4294967294,881
4294967294,880
4294967294,879
4294967294,877
4294967294,876
4294967294,874
4294967294,873
4294967294,869
4294967294,867
4294967294,866
4294967294,863
4294967294,860
4294967294,857
4294967294,856
4294967294,855
4294967294,854
4294967294,853
4294967294,851
4294967294,850
4294967294,725
4294967294,846
4294967294,844
4294967294,841
4294967294,839
4294967294,837
4294967294,835
4294967294,834
4294967294,831
4294967294,829
4294967294,828
4294967294,826
4294967294,824
4294967294,822
4294967294,821
4294967294,819
4294967294,818
4294967294,816
4294967294,815
4294967294,814
4294967294,813
4294967294,812
4294967294,811
4294967294,810
4294967294,808
4294967294,807
4294967294,804
4294967294,802
4294967294,801
4294967294,800
4294967294,799
4294967294,798
4294967294,797
4294967294,794
4294967294,793
4294967294,790
4294967294,788
4294967294,787
4294967294,786
4294967294,785
4294967294,784
4294967294,783
4294967294,782
4294967294,779
4294967294,777
4294967294,776
4294967294,775
4294967294,774
4294967294,771
4294967294,770
4294967294,714
4294967294,769
4294967294,703
4294967294,702
4294967294,700
4294967294,696
4294967294,713
4294967294,695
4294967294,694
4294967294,693
4294967294,691
4294967294,689
4294967294,688
4294967294,686
4294967294,684
4294967294,683
4294967294,681
4294967294,680
4294967294,678
4294967294,676
4294967294,675
4294967294,0
4294967294,1866
4294967294,673
4294967294,672
4294967294,671
4294967294,668
4294967294,667
4294967294,663
4294967294,661
4294967294,660
4294967294,659
4294967294,657
4294967294,655
4294967294,727
4294967294,653
4294967294,652
4294967294,651
4294967294,649
4294967294,648
4294967294,647
4294967294,644
4294967294,642
4294967294,641
4294967294,640
4294967294,634
4294967294,633
4294967294,631
4294967294,627
4294967294,626
4294967294,625
4294967294,622
4294967294,620
4294967294,619
4294967294,618
4294967294,617
4294967294,616
4294967294,722
4294967294,708
4294967294,615
4294967294,614
4294967294,613
4294967294,612
4294967294,719
4294967294,611
4294967294,712
4294967294,609
4294967294,608
4294967294,607
4294967294,730
4294967294,606
4294967294,726
4294967294,605
4294967294,878
4294967294,706
4294967294,875
4294967294,715
4294967294,792
4294967294,711
4294967294,791
4294967294,717
4294967294,1805
4294967294,1739
4294967279,466
4294967278,396
4294967294,1247
4294967294,1797
4294967294,1445
4294967294,439
4294967294,1049
4294967294,586
4294967294,1028
4294967294,755
4294967294,757
4294967294,1796
4294967294,1738
4294967294,759
4294967279,465
4294967294,1765
4294967294,1794
4294967294,1684
4294967294,1757
4294967294,1181
4294967294,1755
4294967294,1753
4294967294,1681
4294967294,585
4294967294,1751
4294967294,168
4294967294,413
4294967294,430
4294967294,1793
4294967294,1677
4294967294,1741
4294967294,1675
4294967294,1855
4294967294,1736
4294967294,1674
4294967294,579
4294967294,1756
4294967294,1734
4294967294,584
4294967294,1671
4294967294,455
4294967294,424
4294967294,603
4294967294,444
4294967294,1668
4294967294,1469
4294967294,446
4294967294,1447
4294967294,1466
4294967294,423
4294967294,1665
4294967294,1664
4294967294,445
4294967294,1458
4294967294,454
4294967294,432
4294967294,125
4294967294,1594
4294967294,1593
4294967294,1592
4294967294,1591
4294967294,1590
4294967294,1588
4294967294,1589
4294967294,1587
4294967294,1586
4294967294,1585
4294967294,1584
4294967294,1583
4294967294,1582
4294967294,1581
4294967294,1580
4294967294,1579
4294967294,1578
4294967294,395
4294967294,1450
4294967294,1872
4294967294,1801
4294967278,395
4294967279,463
4294967278,392
4294967278,391
4294967278,390
4294967279,462
4294967279,461
4294967279,460
4294967294,452
4294967294,599
4294967294,1759
4294967294,1072
4294967294,418
4294967294,449
4294967294,448
4294967294,398
4294967294,414
4294967294,178
4294967294,386
4294967294,1728
4294967294,421
4294967294,420
4294967294,404
4294967294,397
4294967294,406
4294967294,400
4294967294,1248
4294967294,451
4294967294,412
4294967294,415
4294967294,1577
4294967294,1576
4294967294,1575
4294967294,1574
4294967294,1573
4294967294,1571
4294967294,1572
4294967294,1570
4294967294,1569
4294967294,1568
4294967294,1567
4294967294,1566
4294967294,1565
4294967294,1564
4294967294,1563
4294967294,1562
4294967294,1561
4294967294,401
4294967294,191
4294967294,1043
4294967294,188
4294967294,185
4294967294,181
4294967294,177
4294967294,182
4294967294,1165
4294967294,1164
4294967294,1166
4294967294,1162
